2_All/0.jpg 72 48 72 48 48 29 61 37 
2_All/2.jpg 34 22 40 27 42 25 55 32 
2_All/3.jpg 30 20 26 17 53 32 65 39 
2_All/4.jpg 42 28 45 30 30 18 29 18 
2_All/5.jpg 41 27 22 15 35 21 38 23 
2_All/6.jpg 38 25 37 25 51 31 36 22 
2_All/7.jpg 31 20 34 23 44 27 38 23 
2_All/8.jpg 41 28 35 23 43 26 69 42 
2_All/10.jpg 38 25 32 21 96 58 103 62 
2_All/11.jpg 38 25 39 26 40 24 53 31 
2_All/12.jpg 84 56 72 48 50 30 64 38 
2_All/13.jpg 95 63 74 49 101 61 96 58 
2_All/17.jpg 53 35 55 37 64 38 56 33 
2_All/18.jpg 37 24 40 26 46 28 55 33 
2_All/19.jpg 25 17 25 17 28 17 31 19 
2_All/21.jpg 65 43 20 14 28 16 53 31 
2_All/22.jpg 31 20 20 14 67 40 52 31 
2_All/23.jpg 40 27 59 39 57 34 57 34 
2_All/24.jpg 72 48 27 18 66 40 87 52 
2_All/25.jpg 29 19 20 14 65 39 68 40 
2_All/26.jpg 47 31 51 34 55 33 56 34 
2_All/28.jpg 43 29 26 17 52 31 52 31 
2_All/29.jpg 90 60 34 22 42 25 79 48 
2_All/30.jpg 48 32 49 32 68 41 46 28 
2_All/32.jpg 61 41 56 37 66 39 77 46 
2_All/33.jpg 44 29 21 14 53 32 128 77 
2_All/35.jpg 37 24 35 23 50 30 34 20 
2_All/36.jpg 45 30 20 13 41 24 50 30 
2_All/37.jpg 40 27 43 29 37 22 50 30 
2_All/38.jpg 33 21 37 24 28 17 43 26 
2_All/40.jpg 55 36 50 33 28 16 67 40 
2_All/41.jpg 35 23 39 26 26 15 50 30 
2_All/43.jpg 33 22 31 21 28 17 28 17 
2_All/44.jpg 32 21 38 25 38 23 48 29 
2_All/49.jpg 35 23 27 18 28 16 46 28 
2_All/50.jpg 34 23 30 20 42 25 32 19 
2_All/51.jpg 36 24 39 26 53 31 52 31 
2_All/54.jpg 33 21 25 17 59 35 86 52 
2_All/55.jpg 30 20 35 23 56 33 61 37 
2_All/59.jpg 67 45 28 19 40 24 71 43 
2_All/60.jpg 50 34 19 13 42 26 56 33 
2_All/61.jpg 47 32 47 31 44 26 52 31 
2_All/67.jpg 29 19 31 21 39 23 46 27 
2_All/68.jpg 29 19 30 20 53 32 72 43 
2_All/69.jpg 71 48 20 14 76 46 65 39 
2_All/71.jpg 55 37 60 40 41 25 26 16 
2_All/73.jpg 48 32 43 28 61 37 61 36 
2_All/74.jpg 58 39 58 39 39 23 76 46 
2_All/76.jpg 57 38 63 42 48 29 66 40 
2_All/77.jpg 54 36 53 35 57 34 69 42 
2_All/78.jpg 36 24 36 24 40 24 37 22 
2_All/79.jpg 31 20 34 23 29 17 46 27 
2_All/81.jpg 35 23 38 25 30 18 41 25 
2_All/82.jpg 44 29 49 33 71 43 52 31 
2_All/83.jpg 21 14 20 14 48 28 59 35 
2_All/84.jpg 40 27 42 28 34 21 52 30 
2_All/85.jpg 33 22 31 20 56 34 25 15 
2_All/86.jpg 43 28 21 14 27 16 51 31 
2_All/87.jpg 30 20 35 23 40 24 50 30 
2_All/88.jpg 24 16 26 17 32 19 25 15 
2_All/89.jpg 31 20 22 15 69 41 51 30 
2_All/91.jpg 35 23 36 24 48 29 32 19 
2_All/93.jpg 33 22 32 21 28 17 50 30 
2_All/94.jpg 29 19 38 25 60 36 65 39 
2_All/96.jpg 34 22 36 24 41 24 34 20 
2_All/97.jpg 59 39 58 39 80 48 68 41 
2_All/98.jpg 55 37 50 33 39 23 50 30 
2_All/99.jpg 34 22 23 16 89 53 75 45 
2_All/100.jpg 48 32 48 32 51 31 58 35 
2_All/101.jpg 27 18 21 14 43 26 41 25 
2_All/102.jpg 43 28 43 28 43 26 51 30 
2_All/103.jpg 30 20 28 18 37 22 27 16 
2_All/104.jpg 29 20 30 20 37 22 29 17 
2_All/105.jpg 31 20 73 49 44 26 60 36 
2_All/106.jpg 38 25 31 21 60 36 47 28 
2_All/107.jpg 33 22 19 13 50 30 35 21 
2_All/108.jpg 57 38 57 38 38 23 56 33 
2_All/109.jpg 35 23 34 22 34 20 34 21 
2_All/110.jpg 26 17 25 17 27 16 30 18 
2_All/111.jpg 44 29 54 36 80 48 53 32 
2_All/112.jpg 33 22 33 22 37 22 52 31 
2_All/113.jpg 48 32 46 30 77 47 58 35 
2_All/114.jpg 43 29 39 26 26 16 47 28 
2_All/116.jpg 39 26 37 25 52 31 41 25 
2_All/117.jpg 31 20 26 17 53 32 94 57 
2_All/118.jpg 29 19 37 25 42 25 47 28 
2_All/119.jpg 33 22 25 17 50 30 48 28 
2_All/122.jpg 30 20 40 26 50 30 48 29 
2_All/123.jpg 27 18 37 25 29 17 72 43 
2_All/125.jpg 32 21 25 16 50 30 71 43 
2_All/126.jpg 57 38 20 13 78 47 66 39 
2_All/127.jpg 29 19 36 24 59 35 50 30 
2_All/128.jpg 53 35 47 32 41 25 27 16 
2_All/129.jpg 58 39 51 34 70 42 57 34 
2_All/130.jpg 35 23 34 23 28 17 38 23 
2_All/131.jpg 54 36 29 19 29 18 30 18 
2_All/134.jpg 42 28 32 21 90 54 53 31 
2_All/137.jpg 47 32 40 26 29 17 55 33 
2_All/138.jpg 41 27 39 26 47 28 47 28 
2_All/140.jpg 41 27 39 26 28 17 32 20 
2_All/141.jpg 31 20 82 55 31 19 92 55 
2_All/142.jpg 34 22 20 14 34 20 113 68 
2_All/143.jpg 51 34 32 21 48 29 51 30 
2_All/144.jpg 72 48 37 24 29 17 59 35 
2_All/145.jpg 52 35 49 33 68 41 54 32 
2_All/146.jpg 25 16 27 18 30 18 26 16 
2_All/147.jpg 36 24 30 20 38 23 30 18 
2_All/149.jpg 58 39 42 28 59 35 60 36 
2_All/150.jpg 20 13 31 21 43 26 29 18 
2_All/151.jpg 50 33 50 33 45 27 59 35 
2_All/152.jpg 29 19 21 14 28 16 53 32 
2_All/154.jpg 77 51 70 47 43 26 55 33 
2_All/155.jpg 58 39 50 33 45 27 60 36 
2_All/156.jpg 29 19 27 18 41 24 29 17 
2_All/159.jpg 45 30 51 34 27 16 55 33 
2_All/160.jpg 38 25 38 25 78 47 61 37 
2_All/161.jpg 37 25 21 14 43 26 45 27 
2_All/162.jpg 99 66 21 14 56 33 58 34 
2_All/168.jpg 50 33 53 35 65 39 58 34 
2_All/169.jpg 45 30 51 34 59 35 39 24 
2_All/171.jpg 45 30 50 33 45 27 52 31 
2_All/172.jpg 30 19 33 22 51 31 93 56 
2_All/173.jpg 60 40 33 22 42 26 70 42 
2_All/174.jpg 45 30 21 14 26 15 50 30 
2_All/175.jpg 30 20 52 34 61 37 60 36 
2_All/177.jpg 31 20 32 22 41 25 33 20 
2_All/179.jpg 76 51 70 47 73 44 77 46 
2_All/180.jpg 66 44 69 46 28 17 68 41 
2_All/181.jpg 48 32 42 28 61 36 50 30 
2_All/186.jpg 79 53 42 28 90 54 76 46 
2_All/188.jpg 31 21 32 21 47 28 36 21 
2_All/189.jpg 47 31 58 39 27 16 55 32 
2_All/190.jpg 41 27 40 27 54 32 52 31 
2_All/191.jpg 42 28 41 27 48 29 38 23 
2_All/192.jpg 30 20 20 14 32 19 58 35 
2_All/193.jpg 18 12 26 17 75 45 67 40 
2_All/194.jpg 29 19 36 24 69 41 58 34 
2_All/196.jpg 30 20 28 18 68 41 29 17 
2_All/197.jpg 66 44 32 21 27 16 69 41 
2_All/198.jpg 39 26 20 13 58 34 54 32 
2_All/199.jpg 36 24 40 26 36 22 44 26 
2_All/200.jpg 48 32 45 30 51 30 41 25 
2_All/202.jpg 21 14 35 23 33 20 50 30 
2_All/203.jpg 55 37 55 37 64 38 52 31 
2_All/205.jpg 29 19 31 20 35 21 32 19 
2_All/206.jpg 48 32 43 28 44 26 64 39 
2_All/207.jpg 33 22 25 16 29 17 41 25 
2_All/208.jpg 19 13 20 13 47 28 30 18 
2_All/209.jpg 47 31 24 16 36 22 52 31 
2_All/210.jpg 32 21 30 20 39 24 28 17 
2_All/213.jpg 20 13 30 20 37 22 30 18 
2_All/214.jpg 68 45 20 14 28 17 64 38 
2_All/215.jpg 49 32 54 36 61 37 55 33 
2_All/217.jpg 32 21 38 25 147 88 130 78 
2_All/218.jpg 66 44 65 43 63 38 55 33 
2_All/220.jpg 46 30 41 27 55 33 55 32 
2_All/221.jpg 35 23 37 25 39 23 38 22 
2_All/222.jpg 29 19 69 46 48 29 62 37 
2_All/225.jpg 37 24 42 28 33 20 35 21 
2_All/226.jpg 20 13 21 14 65 39 63 37 
2_All/227.jpg 28 19 27 18 40 24 30 18 
2_All/228.jpg 35 23 32 21 29 17 30 18 
2_All/229.jpg 78 52 76 51 52 31 90 54 
2_All/231.jpg 44 30 46 31 42 25 54 32 
2_All/232.jpg 49 32 44 30 57 34 46 27 
2_All/235.jpg 44 29 43 29 43 26 34 20 
2_All/236.jpg 53 35 55 37 29 17 52 31 
2_All/238.jpg 31 20 52 34 60 36 44 26 
2_All/239.jpg 39 26 37 24 62 37 66 40 
2_All/240.jpg 84 56 72 48 50 30 64 38 
2_All/242.jpg 47 31 43 28 54 32 55 33 
2_All/243.jpg 32 21 38 25 41 25 41 24 
2_All/245.jpg 61 40 56 37 29 17 62 37 
2_All/247.jpg 30 20 21 14 27 16 60 36 
2_All/248.jpg 64 43 37 25 62 37 55 33 
2_All/249.jpg 47 31 41 27 47 28 46 27 
2_All/250.jpg 33 22 34 22 28 16 42 25 
2_All/252.jpg 43 29 40 27 50 30 43 26 
2_All/253.jpg 44 29 50 33 27 16 56 33 
2_All/256.jpg 48 32 42 28 42 25 51 31 
2_All/257.jpg 33 22 40 26 42 26 50 30 
2_All/258.jpg 42 28 47 31 47 28 39 23 
2_All/261.jpg 46 31 45 30 58 35 49 29 
2_All/262.jpg 41 27 45 30 47 28 73 44 
2_All/264.jpg 47 31 48 32 52 31 52 31 
2_All/266.jpg 32 21 49 33 69 42 53 31 
2_All/267.jpg 31 21 30 20 35 21 29 17 
2_All/268.jpg 42 28 45 30 57 34 47 28 
2_All/271.jpg 20 13 37 24 94 57 68 41 
2_All/272.jpg 39 26 39 26 63 37 52 31 
2_All/274.jpg 29 19 46 31 51 30 49 29 
2_All/275.jpg 40 27 40 26 44 26 50 30 
2_All/276.jpg 38 25 39 26 43 26 47 28 
2_All/277.jpg 32 21 37 24 81 49 90 54 
2_All/278.jpg 52 35 21 14 73 44 48 29 
2_All/280.jpg 46 31 37 25 42 25 45 27 
2_All/283.jpg 47 31 44 29 42 25 47 28 
2_All/284.jpg 52 35 48 32 64 38 51 30 
2_All/285.jpg 44 29 44 29 65 39 51 30 
2_All/287.jpg 31 20 28 18 44 26 29 17 
2_All/289.jpg 66 44 21 14 77 46 65 39 
2_All/292.jpg 40 26 37 25 42 25 26 15 
2_All/293.jpg 43 28 37 25 42 25 49 29 
2_All/294.jpg 54 36 42 28 27 16 54 32 
2_All/296.jpg 37 24 47 31 42 25 31 18 
2_All/297.jpg 20 13 26 17 27 16 54 32 
2_All/299.jpg 47 31 20 13 39 23 55 32 
2_All/302.jpg 55 36 43 29 56 33 63 38 
2_All/304.jpg 33 22 37 24 47 28 33 20 
2_All/306.jpg 62 41 20 14 48 29 61 36 
2_All/308.jpg 30 20 26 17 44 26 60 36 
2_All/312.jpg 37 25 40 27 56 34 52 31 
2_All/315.jpg 46 31 45 30 56 33 54 32 
2_All/316.jpg 39 26 40 26 27 16 33 20 
2_All/317.jpg 97 65 20 14 50 30 77 46 
2_All/318.jpg 51 34 24 16 27 16 146 88 
2_All/319.jpg 34 22 36 24 33 20 28 17 
2_All/320.jpg 41 27 49 33 45 27 78 47 
2_All/321.jpg 37 25 38 25 45 27 38 23 
2_All/322.jpg 58 39 22 15 50 30 55 33 
2_All/323.jpg 48 32 48 32 32 19 43 25 
2_All/324.jpg 30 20 28 19 57 34 71 42 
2_All/325.jpg 50 33 24 16 76 46 59 35 
2_All/326.jpg 20 13 20 14 62 37 49 29 
2_All/328.jpg 34 23 31 21 45 27 34 21 
2_All/329.jpg 38 25 19 13 27 16 58 35 
2_All/331.jpg 61 40 54 36 39 23 52 31 
2_All/334.jpg 70 47 32 21 41 25 72 43 
2_All/336.jpg 49 32 44 30 55 33 66 40 
2_All/337.jpg 28 19 31 21 74 45 69 42 
2_All/340.jpg 38 25 37 25 45 27 52 31 
2_All/341.jpg 53 35 32 21 55 33 48 28 
2_All/343.jpg 32 21 34 23 50 30 49 29 
2_All/344.jpg 36 24 22 15 50 30 51 30 
2_All/345.jpg 42 28 43 29 46 27 48 28 
2_All/346.jpg 52 35 50 34 47 28 51 30 
2_All/347.jpg 59 39 54 36 26 15 59 35 
2_All/348.jpg 45 30 43 29 52 31 59 35 
2_All/349.jpg 30 20 23 15 80 48 50 30 
2_All/350.jpg 29 19 32 21 104 63 62 37 
2_All/351.jpg 37 24 40 26 78 47 81 49 
2_All/352.jpg 30 19 44 29 63 38 49 29 
2_All/354.jpg 28 19 25 17 29 18 27 16 
2_All/355.jpg 31 20 41 27 67 40 57 34 
2_All/356.jpg 56 37 49 33 39 24 50 30 
2_All/357.jpg 48 32 50 33 60 36 50 30 
2_All/361.jpg 53 35 21 14 58 35 51 30 
2_All/363.jpg 45 30 47 31 28 16 44 26 
2_All/365.jpg 20 14 50 33 40 24 57 34 
2_All/366.jpg 31 20 62 41 32 19 67 40 
2_All/368.jpg 46 31 21 14 46 28 58 34 
2_All/369.jpg 48 32 46 30 56 34 58 35 
2_All/370.jpg 43 29 41 27 49 30 44 26 
2_All/371.jpg 36 24 39 26 53 32 45 27 
2_All/372.jpg 32 21 33 22 42 25 43 26 
2_All/373.jpg 41 27 38 25 52 31 40 24 
2_All/374.jpg 37 24 38 25 49 29 57 34 
2_All/375.jpg 44 29 22 15 28 17 48 29 
2_All/376.jpg 41 27 20 14 51 30 49 29 
2_All/378.jpg 57 38 51 34 40 24 49 29 
2_All/379.jpg 41 27 42 28 46 28 50 30 
2_All/380.jpg 43 29 37 25 57 34 48 28 
2_All/382.jpg 29 19 20 13 37 22 26 15 
2_All/383.jpg 52 34 48 32 54 32 49 29 
2_All/384.jpg 36 24 32 21 32 19 42 25 
2_All/385.jpg 57 38 59 39 61 36 54 32 
2_All/388.jpg 48 32 44 29 58 35 50 30 
2_All/391.jpg 38 25 39 26 27 16 30 18 
2_All/392.jpg 29 19 19 13 66 40 51 30 
2_All/394.jpg 45 30 47 32 54 32 33 20 
2_All/397.jpg 18 12 21 14 32 19 38 23 
2_All/399.jpg 40 26 39 26 41 25 46 27 
2_All/400.jpg 62 41 64 43 44 27 66 39 
2_All/401.jpg 47 31 47 31 55 33 49 29 
2_All/403.jpg 50 33 52 34 59 35 52 31 
2_All/405.jpg 43 29 45 30 54 32 48 28 
2_All/406.jpg 65 44 29 19 55 33 59 35 
2_All/407.jpg 48 32 46 30 33 20 52 31 
2_All/408.jpg 45 30 45 30 36 22 56 33 
2_All/410.jpg 59 40 25 16 66 40 57 34 
2_All/411.jpg 57 38 30 20 58 35 59 35 
2_All/412.jpg 54 36 26 17 44 26 61 37 
2_All/413.jpg 43 29 44 29 46 28 42 25 
2_All/414.jpg 30 20 30 20 39 23 28 17 
2_All/415.jpg 30 20 30 20 80 48 52 31 
2_All/416.jpg 40 27 37 25 48 29 52 31 
2_All/418.jpg 40 26 42 28 26 16 55 32 
2_All/420.jpg 49 33 27 18 42 25 48 28 
2_All/421.jpg 47 31 46 31 27 16 44 26 
2_All/422.jpg 40 27 37 24 52 31 39 23 
2_All/425.jpg 29 19 25 17 55 33 54 32 
2_All/426.jpg 58 38 50 34 45 27 53 32 
2_All/427.jpg 50 34 35 23 59 36 47 28 
2_All/428.jpg 42 28 36 24 53 31 46 27 
2_All/429.jpg 51 34 44 30 42 25 48 29 
2_All/430.jpg 48 32 52 35 67 41 58 35 
2_All/431.jpg 63 42 58 39 76 46 62 37 
2_All/432.jpg 32 21 32 21 45 27 70 42 
2_All/433.jpg 38 25 42 28 40 24 52 31 
2_All/435.jpg 61 40 27 18 28 17 62 37 
2_All/437.jpg 53 35 53 35 46 27 46 28 
2_All/438.jpg 44 29 39 26 52 31 46 28 
2_All/439.jpg 52 35 46 31 51 30 55 33 
2_All/441.jpg 34 22 45 30 29 17 29 17 
2_All/442.jpg 61 41 47 31 50 30 70 42 
2_All/444.jpg 42 28 40 26 36 22 46 27 
2_All/446.jpg 43 29 39 26 50 30 52 31 
2_All/447.jpg 69 46 61 41 39 23 50 30 
2_All/448.jpg 66 44 65 44 51 31 60 36 
2_All/450.jpg 48 32 43 28 33 20 46 27 
2_All/451.jpg 28 18 29 19 39 24 50 30 
2_All/453.jpg 58 39 30 20 58 35 52 30 
2_All/454.jpg 48 32 43 29 28 17 55 33 
2_All/455.jpg 30 20 28 19 37 22 29 17 
2_All/456.jpg 56 37 21 14 36 21 61 36 
2_All/457.jpg 32 21 23 15 49 29 33 20 
2_All/459.jpg 50 33 48 32 67 40 53 31 
2_All/460.jpg 40 26 40 27 28 16 37 22 
2_All/461.jpg 51 34 47 32 56 34 65 39 
2_All/462.jpg 34 22 29 19 35 21 30 18 
2_All/464.jpg 49 33 52 35 34 20 53 31 
2_All/465.jpg 44 29 46 31 57 34 51 30 
2_All/467.jpg 61 41 22 15 62 37 49 29 
2_All/468.jpg 37 24 35 23 44 27 46 27 
2_All/469.jpg 34 23 32 21 27 16 35 21 
2_All/470.jpg 47 31 19 13 55 33 58 35 
2_All/471.jpg 33 22 30 20 37 22 30 18 
2_All/473.jpg 28 18 27 18 30 18 28 16 
2_All/474.jpg 32 21 31 20 28 17 27 16 
2_All/475.jpg 21 14 29 19 48 28 58 35 
2_All/477.jpg 33 22 33 22 48 29 40 24 
2_All/478.jpg 35 23 38 25 41 24 31 19 
2_All/479.jpg 37 25 31 20 78 47 67 40 
2_All/481.jpg 31 20 30 20 39 24 76 46 
2_All/482.jpg 58 39 54 36 67 40 53 32 
2_All/483.jpg 57 38 26 17 69 42 66 39 
2_All/484.jpg 43 29 20 13 48 29 55 33 
2_All/486.jpg 35 23 41 27 42 25 54 32 
2_All/488.jpg 44 29 49 33 37 22 51 30 
2_All/490.jpg 40 27 42 28 45 27 45 27 
2_All/491.jpg 55 36 25 17 68 41 54 32 
2_All/493.jpg 37 24 46 31 28 17 48 29 
2_All/496.jpg 22 14 24 16 52 31 53 32 
2_All/499.jpg 21 14 38 25 37 22 34 20 
